255 255 255 255 255 255 255 255 255 255 255 255 255 254 255 255
255 255 255 255 255 255 254 255 255 255 254 255 255 254 255 255
255 254 255 255 255 254 255 254 254 255 255 255 254 255 254 255
255 254 255 255 254 255 255 255 254 254 255 255 254 255 254 255
255 255 255 254 255 255 255 255 255 255 255   0 254 254 255 255
255 255 255 255 255 255 255   0  79   0   0 255 254 255 255 255
255 255 254 255 255   0   0 255   0   1 255 255 255 255 255 255
254 254 255 255   1 122 216   1   0   1   1 254 255 255 255 255
255 255 255 255   0 254 255   0   1 255 255 254 255 255 254 255
255 255 255 254   0   1   0 255 255 255 255 255 255 255 255 255
254 255 255 255 254 255 255 255 255 254   1 255 255 255 255 255
255 254 254 255 254 255 255 255 255 254 255 254 255 255 255 255
255 255 255 255 255 255 254 255 255 255 255 255 254 255 255 255
255 255 254 255 254 255 255 255 254 255 255 255 254 254 255 254
255 255 254 255 254 254 255 255 255 255 254 255 255 255 255 255
255 255 254 255 255 255 255 255 255 255 255 255 255 255 254 255
255 254 254 255 255 255 255 255 255 255 255 254 255 254 255 255
255 255 255 254 255 255 254 255 255 255 254 254 255 255 255 255
255 255 255 255 255 255 254 255 255 255 255 255 254 255 255 254
255 255 255 255 255 255 254 255 255 255 255 254 255 255 255 255
254 255 255 255 255 255 254 255 255 255 254   0 255 255 254 255
255 255 255 255 255 255 255   1  79   0   0 255 255 255 255 254
255 255 255 255 255   1   0 255   0   0 255 255 254 255 255 255
255 255 255 254   0 123 216   0   1   0   0 255 254 254 255 254
255 255 255 255   0 255 255   0   0 255 254 255 254 255 255 255
255 255 254 254   1   0   0 254 254 255 255 255 254 255 254 255
255 255 254 255 255 255 255 255 255 255   0 255 255 255 255 255
254 255 255 255 255 255 255 255 254 255 255 255 255 255 255 255
255 255 255 255 255 255 255 255 254 254 255 255 255 255 255 255
255 255 255 254 254 255 254 255 255 255 254 255 254 255 255 255
255 255 255 255 255 255 255 255 255 255 254 254 255 254 255 255
255 255 255 255 254 255 255 255 255 255 254 255 255 255 255 255
255 255 255 254 255 255 255 255 255 255 255 255 255 255 255 255
255 255 255 255 255 255 255 254 255 254 255 255 255 254 254 255
255 255 255 255 255 255 255 254 255 255 254 254 255 255 255 254
254 255 255 255 255 255 255 255 255 255 255 255 255 255 255 255
255 255 255 255 255 254 255 255 255 255 255   0 255 255 254 255
255 255 254 254 255 255 254   0  79   0   1 255 255 255 255 255
255 255 254 254 255   1   0 255   0   0 255 255 255 255 255 255
255 255 254 254   1 123 216   0   0   0   1 255 255 255 255 255
254 255 255 254   0 255 255   0   0 255 255 254 255 254 255 254
255 255 255 255   0   1   0 255 255 255 255 255 255 254 255 254
255 255 255 255 254 255 254 255 255 254   0 255 255 255 254 254
255 255 254 255 255 255 255 255 255 254 254 255 255 255 255 255
255 254 255 254 255 254 254 254 254 255 255 255 255 255 255 255
255 254 255 255 255 255 254 254 255 255 255 254 255 255 254 255
255 255 255 255 254 255 255 255 255 255 255 255 255 254 255 254
255 255 255 255 255 255 255 255 255 254 255 255 254 254 255 255

255 255 255 254 254 255 255 255 255 255 255 255 255 255 255 255
254 255 255 255 255 255 255 254 254 255 255 254 254 254 255 255
254 255 255 255 255 254 255 254 255 255 255 255 255 255 254 255
255 255 255 255 255 255 255 254 255 254 255 255 255 255 254 255
254 254 255 255   0 255 254 255 255 255 255 255 255 255 255 255
255 255 254 254 255   0 255   0 254 254   0 255 255 255 255 255
255 255 255 255 255   0   0   0 254 255 254 255 254 255 254 254
255 255 255 255 255  78   1   0   0 255 255 254 254 255 255 255
255 255 254 255 255   1 254   0   0 254 255 255 255 254 255 254
254 254 255 255 255 255   0 217 255   0 255 255 255 254 255 255
255 255 254 255 255 255   0 122 255   0 255 255 255 255 254 255
255 254 255 255 255 255 255   1   0   1 255 254 255 254 255 255
255 255 254 255 255 255 254 254 255 255 255 254 255 254 255 255
255 255 255 255 254 255 254 254 255 254 255 255 255 255 254 254
255 255 255 255 255 255 255 255 255 255 255 255 255 254 255 254
255 254 255 255 255 254 255 255 254 254 255 254 255 255 255 255
255 255 255 255 255 255 255 255 255 255 255 254 254 255 255 255
255 255 255 255 255 255 255 255 255 255 255 254 255 255 254 254
254 255 255 255 255 255 255 254 255 255 255 255 255 255 255 255
254 254 255 255 255 255 255 254 255 255 255 254 255 254 255 255
255 255 255 254   0 255 254 254 255 255 254 254 255 255 255 255
255 255 255 255 255   0 255   0 255 255   0 255 255 254 255 255
255 255 254 255 254   0   0   0 254 255 255 254 255 255 255 255
255 255 254 255 255  79   0   0   0 255 255 255 254 255 255 254
255 254 255 255 254   0 255   0   0 255 255 255 255 255 254 255
254 254 255 255 254 255   1 216 255   0 255 255 254 255 254 254
254 254 255 255 255 255   0 122 255   1 255 255 254 255 255 255
255 254 255 255 254 255 255   0   0   0 254 255 254 254 255 255
255 255 254 255 254 255 254 255 254 255 255 255 255 255 255 254
255 254 255 255 255 255 254 255 254 255 254 255 255 255 255 255
255 254 255 254 254 255 255 255 255 254 255 254 255 255 255 255
255 255 254 255 255 254 254 255 255 254 255 255 255 255 255 255
255 255 255 255 255 255 255 255 255 254 255 254 255 255 255 255
255 255 255 255 255 254 255 255 254 255 255 255 254 254 254 255
255 255 255 255 254 254 255 255 255 254 255 254 254 255 255 255
255 255 255 255 255 254 254 254 254 254 255 255 255 254 254 254
255 254 255 255   0 255 255 255 255 255 255 254 255 255 255 255
254 255 255 255 254   0 254   0 255 255   0 255 255 255 255 255
255 254 255 255 255   1   0   0 255 255 254 255 255 254 254 255
255 255 254 254 254  78   0   0   0 255 255 255 254 255 254 255
255 255 255 255 255   0 255   0   0 255 254 255 255 255 254 254
255 254 255 254 255 255   0 217 254   0 254 255 255 255 254 255
255 255 255 255 254 254   1 122 255   0 255 255 255 255 255 255
255 254 255 254 255 254 254   1   0   0 255 255 255 255 255 255
255 255 255 254 255 255 255 255 255 255 254 254 254 254 255 254
255 254 254 254 255 255 254 255 255 255 255 254 255 254 255 255
255 255 255 255 255 254 254 255 254 255 255 255 255 255 255 255
255 255 255 255 254 255 255 255 254 255 255 255 255 255 255 255

255 255 255 254 255 254 255 254 255 255 255 255 254 255 255 255
255 255 255 255 254 255 254 255 255 255 255 255 254 255 254 255
255 255 255 254 255 255 255 255 255 255 255 255 255 255 255 255
254 255 255 254 254 255 255 255 255 255 255 254 255 255 255 255
255 254 255 254 247 241 249 254 255 255 254 254 254 254 254 255
254 254 250 233 215 210 232 254 253 238 197 180 234 253 255 255
255 254 248 224 216 231 235 227 171 127  75  38 182 250 255 254
255 255 254 255 250 215 151 132 119 102 115  68 188 250 255 255
255 255 253 241 224 201 105  62  93  91 119 168 238 255 255 255
255 254 254 247 235 210 131  60  29  26 114 227 254 255 254 255
254 255 255 255 252 224 185 168 154 159 210 231 197 245 254 255
255 253 231 175 171 227 245 244 245 234 216 215 184 243 255 254
254 249 235 228 230 247 255 255 254 251 246 247 242 253 254 255
254 254 253 254 254 254 255 255 255 254 254 255 255 255 254 254
255 255 255 255 255 255 255 255 255 254 254 254 255 255 255 254
255 255 255 254 254 255 255 254 255 255 255 255 255 254 255 255
255 255 255 255 255 255 255 255 255 255 255 254 255 255 255 254
255 255 255 255 255 255 255 255 254 255 254 254 255 255 255 255
255 255 255 255 254 255 255 255 255 255 255 254 254 255 254 254
255 254 255 254 255 255 255 254 255 254 255 255 255 254 255 255
255 254 255 254 247 241 249 255 254 255 255 254 254 254 255 255
255 254 251 232 215 210 232 255 253 238 197 181 234 252 255 255
255 255 248 225 216 230 235 227 171 127  75  39 182 251 255 255
254 255 255 255 251 215 150 133 119 102 114  68 188 250 255 255
255 255 252 241 224 201 104  63  93  91 118 169 238 254 255 255
255 255 255 246 235 210 130  61  29  27 114 226 254 254 255 255
255 255 255 255 252 225 185 169 155 159 211 230 197 245 255 255
255 252 231 175 171 227 244 245 244 234 216 215 184 242 254 254
254 249 234 228 230 247 255 255 255 251 246 247 242 253 255 255
254 254 253 255 255 255 254 255 255 254 254 255 254 255 255 254
255 254 255 255 255 254 255 255 255 255 255 255 255 254 254 255
255 255 255 255 255 255 255 254 255 255 255 255 254 255 255 255
255 255 255 254 255 255 254 255 255 255 254 254 254 255 255 255
255 255 255 255 255 255 254 254 255 254 254 255 255 254 255 255
254 255 255 255 255 255 255 255 255 255 255 255 254 254 254 255
255 255 255 255 254 255 255 255 255 255 254 255 255 255 254 255
255 255 254 254 247 240 249 255 255 254 254 254 254 255 255 255
255 255 250 232 214 211 233 254 252 238 197 180 235 253 255 254
254 254 248 225 216 230 235 227 170 127  74  39 182 250 254 255
255 255 254 255 250 214 150 133 119 103 115  68 189 250 255 255
255 254 253 241 224 201 104  63  92  91 119 169 238 254 255 255
255 255 254 247 235 211 130  60  29  26 114 227 254 255 255 255
255 255 255 254 252 224 185 168 155 159 210 230 197 245 254 255
255 253 231 175 171 226 244 245 245 235 217 214 184 242 254 255
255 249 234 228 231 247 255 255 255 251 247 247 243 253 254 255
254 254 252 254 254 254 255 255 254 254 255 255 255 255 254 255
255 255 255 255 254 255 255 255 255 255 255 255 254 254 255 254
255 255 255 255 255 254 255 255 255 255 254 254 255 254 255 255

255 254 255 255 255 254 255 255 255 255 255 255 255 255 254 255
255 255 254 255 255 254 255 254 255 255 255 254 255 254 255 255
255 255 255 255 255 254 249 250 255 254 244 241 252 255 254 254
255 255 255 255 255 234 179 182 235 254 201 186 241 255 255 255
255 255 255 255 254 187  40  66 164 223 231 215 245 254 254 255
255 255 255 254 255 202  78 110 123 108 205 218 244 255 254 255
254 255 255 255 255 240 134  98  97  27 153 234 251 255 254 255
255 255 254 255 255 253 179 118  96  30 150 244 255 255 254 255
255 255 255 255 254 255 231 137  63  63 165 244 255 255 255 254
255 255 254 255 248 230 234 158 105 134 183 242 255 254 254 255
255 254 255 255 242 210 228 220 202 213 226 227 246 255 255 255
254 255 255 255 249 217 212 253 225 235 253 172 226 254 255 255
255 255 255 255 254 236 225 254 243 246 255 180 226 255 255 255
255 255 255 255 255 252 248 254 254 255 255 234 236 252 255 254
255 254 255 255 255 255 255 255 255 255 254 255 250 254 255 255
255 255 255 255 255 255 255 255 254 255 254 255 255 255 255 255
254 255 255 255 255 255 255 254 255 255 255 255 255 254 255 255
255 255 255 255 255 254 255 255 255 255 255 255 255 255 255 255
255 255 254 255 254 254 248 251 254 255 245 240 252 255 255 255
254 255 255 255 254 234 179 183 235 254 201 187 241 255 255 254
255 255 255 254 254 187  40  67 165 222 230 215 244 255 255 255
254 255 255 254 255 203  79 110 123 108 205 218 245 255 254 255
255 254 255 255 255 240 134  98  97  27 153 235 250 255 255 254
255 255 255 254 255 253 179 118  97  30 151 244 254 254 255 255
255 255 254 255 255 255 231 137  62  63 165 244 255 255 254 255
255 254 254 255 248 231 234 159 105 134 183 243 255 255 255 254
255 255 255 255 243 210 229 220 202 212 226 227 246 254 255 254
255 255 254 254 248 216 213 252 224 235 253 172 226 255 255 254
255 254 255 254 255 236 224 255 243 246 254 180 227 254 255 255
255 254 255 255 255 252 249 254 255 255 255 234 237 252 255 255
255 255 255 255 254 255 255 255 255 255 255 254 251 255 254 255
255 255 254 255 255 255 255 254 255 254 254 255 255 255 255 255
255 255 254 255 255 255 254 255 255 255 254 254 255 254 254 255
255 255 255 255 255 254 255 254 255 255 255 254 255 254 255 255
255 255 255 255 255 254 249 251 254 255 244 241 253 254 255 255
255 255 255 255 255 235 178 182 234 254 201 186 240 254 255 255
255 255 255 255 254 186  41  67 164 222 231 215 245 255 255 254
255 255 255 255 255 203  78 111 122 108 205 218 244 255 255 254
254 255 255 255 255 240 135  98  97  27 152 235 251 255 254 254
255 255 255 255 255 252 179 119  97  30 150 245 255 255 254 255
255 254 254 255 255 255 231 137  62  62 165 244 254 255 255 255
255 255 255 254 249 231 234 158 105 135 183 242 254 255 254 254
255 255 255 255 242 210 229 220 202 213 227 227 246 255 255 255
254 254 254 255 248 217 212 252 225 235 253 173 227 254 254 254
255 255 255 255 254 236 224 255 242 247 254 180 226 255 255 255
255 255 255 255 254 253 249 254 255 255 255 235 237 252 255 254
255 255 254 255 254 255 255 254 254 255 255 254 251 255 255 255
255 255 255 255 254 255 255 255 255 254 255 254 255 255 254 254
